Instance_10_10_1 100 0 104.6 102 0.133658
Instance_10_10_5 100 0 121.2 118 0.257792
Instance_10_10_7 100 0 105.6 105 0.134554
Instance_10_10_8 101 0 102.2 101 0.136345
Instance_10_10_11 100 0 143.4 141 0.226762
Instance_10_10_13 101 0 103 102 0.136253
Instance_10_10_14 101 0 104 104 0.145259
Instance_10_10_15 100 0 104.8 102 0.220907
Instance_10_10_17 100 0 102.2 100 0.151121
Instance_10_10_19 102 0 108.6 108 0.138337
Instance_10_10_21 101 0 101.6 101 0.136636
Instance_10_10_22 101 0 101.8 101 0.141755
Instance_10_10_23 100 0 104 104 0.135589
Instance_10_10_24 102 0 116.2 115 0.35203
Instance_10_10_25 103 0 103.2 103 0.137706
Instance_10_10_28 102 0 154.8 154 0.404667
Instance_10_10_29 101 0 108 108 0.133309
Instance_10_10_30 102 0 102 102 0.140787
Instance_10_10_31 100 0 100 100 0.139399
Instance_10_10_33 100 0 108 107 0.138136
Instance_10_10_35 101 0 110.6 109 0.236485
Instance_10_10_40 101 0 144.4 128 0.250632
Instance_10_10_41 101 0 101 101 0.137292
Instance_10_10_42 100 0 104 104 0.154071
Instance_10_10_43 100 0 106.6 106 0.220598
Instance_10_10_44 101 0 106.8 106 0.135553
Instance_10_10_45 100 0 101.4 101 0.140373
Instance_10_10_47 100 0 104 104 0.135529
Instance_10_10_48 101 0 101 101 0.141825
Instance_10_10_50 100 0 107.4 106 0.137241
Instance_10_10_51 100 0 100 100 0.145693
Instance_10_10_52 101 0 101.4 101 0.135729
Instance_10_10_54 100 0 100 100 0.138381
Instance_10_10_56 101 0 101.8 101 0.149328
Instance_10_10_57 100 0 100 100 0.142387
Instance_10_10_58 100 0 100 100 0.140314
Instance_10_10_60 100 0 104.8 104 0.339141
Instance_10_10_61 101 0 107 105 0.296345
Instance_10_10_63 100 0 101.6 100 0.134627
Instance_10_10_64 100 0 100.2 100 0.13825
Instance_10_10_65 100 0 113 109 0.2167
Instance_10_10_67 100 0 100.2 100 0.194509
Instance_10_10_73 102 0 110.8 108 0.243486
Instance_10_10_74 100 0 100 100 0.142042
Instance_10_10_75 100 0 100 100 0.150288
Instance_10_10_76 100 0 107.2 105 0.137591
Instance_10_10_77 103 0 107 105 0.221024
Instance_10_10_81 101 0 111 108 0.236664
Instance_10_10_82 100 0 100 100 0.138814
Instance_10_10_84 100 0 100 100 0.143287
Instance_10_10_85 101 0 101.6 101 0.13476
Instance_10_10_86 102 0 102.2 102 0.134706
Instance_10_10_87 101 0 102.6 102 0.136354
Instance_10_10_88 101 0 102 102 0.13519
Instance_10_10_89 101 0 103.4 103 0.134187
Instance_10_10_90 100 0 108 107 0.13582
Instance_10_10_95 100 0 103.4 101 0.236108
Instance_10_10_98 101 0 110.6 109 0.219453
Instance_10_10_99 100 0 100.2 100 0.137283
Instance_10_10_100 101 0 161 161 0.322946
Instance_10_10_101 100 0 145.6 144 0.272374
Instance_10_10_102 100 0 102.6 102 0.168578
Instance_10_10_108 100 0 108.4 107 0.137018
Instance_10_10_109 101 0 101 101 0.142874
Instance_10_10_110 100 0 102.4 101 0.138689
Instance_10_10_111 100 0 107.4 106 0.140362
Instance_10_10_116 101 0 101.4 101 0.134871
Instance_10_10_119 100 0 117.4 116 0.136758
Instance_10_10_120 101 0 101.6 101 0.140427
Instance_10_10_121 100 0 114.6 113 0.23852
Instance_10_10_122 100 0 108.6 106 0.148234
Instance_10_10_123 100 0 100 100 0.145977
Instance_10_10_124 102 0 114.2 113 0.134765
Instance_10_10_125 100 0 108.6 107 0.136913
Instance_10_10_127 100 0 105 103 0.242482
Instance_10_10_128 101 0 129.4 128 0.218246
Instance_10_10_129 100 0 142.8 134 0.258814
Instance_10_10_130 101 0 101 101 0.14424
Instance_10_10_131 100 0 100 100 0.142664
Instance_10_10_132 103 0 103.2 103 0.139537
Instance_10_10_134 101 0 105.2 103 0.226235
Instance_10_10_135 100 0 101.2 101 0.154133
Instance_10_10_137 101 0 105.6 105 0.133225
Instance_10_10_138 100 0 101.2 100 0.141932
Instance_10_10_141 101 0 101 101 0.138863
Instance_10_10_142 100 0 107.8 107 0.141058
Instance_10_10_143 100 0 105.4 104 0.138569
Instance_10_10_144 101 0 101 101 0.144132
Instance_10_10_145 101 0 101.2 101 0.142402
Instance_10_10_146 100 0 112.4 111 0.326697
Instance_10_10_147 100 0 131.8 126 0.262425
Instance_10_10_148 101 0 101 101 0.14114
Instance_10_10_149 100 0 100 100 0.158239
Instance_10_10_150 100 0 114.2 112 0.244581
